@prefix graph: <http://www.w3.org/2000/10/swap/graph#>.
@prefix log: <http://www.w3.org/2000/10/swap/log#>.
@prefix : <https://eyereasoner.github.io/ns#>.

{
    ("consult" "./matrix.pl") log:herbrandModel true.
    {
        ((2 -1 0) (-1 2 -1) (0 -1 2)) :determinant ?X.
        ((2 -1 0) (-1 2 -1) (0 -1 2)) :matrix_inversion ?X.
        ((18 22 54 42) (22 70 86 62) (54 86 174 134) (42 62 134 106)) :matrix_inversion ?X.
        ((2 0 0) (-1 2 0) (0 -1 2)) :matrix_inv_triang ?X.
        (((1 2) (3 4) (5 6)) ((1 1 1) (1 1 1))) :matrix_multiply ?X.
        (((18 22 54 42) (22 70 86 62) (54 86 174 134) (42 62 134 106)) ((2.515624999999984 0.4843749999999933 -1.296874999999973 0.3593749999999767) (0.4843749999999933 0.1406249999999978 -0.3281249999999918 0.1406249999999936) (-1.296874999999973 -0.3281249999999918 1.015624999999971 -0.5781249999999781) (0.3593749999999767 0.1406249999999936 -0.5781249999999781 0.5156249999999853))) :matrix_multiply ?X.
        (((1 2) (3 4) (5 6)) ((1 2) (3 4) (5 6))) :matrix_sum ?X.
        ((25 15 -5) (15 18 0) (-5 0 11)) :cholesky_decomposition ?X.
        ((18 22 54 42) (22 70 86 62) (54 86 174 134) (42 62 134 106)) :cholesky_decomposition ?X.
    } graph:member ?M.
    ?M log:call true.
} => ?M.
