@prefix skolem: <https://eyereasoner.github.io/.well-known/genid/8b98b360-9a70-4845-b52c-c675af60ad01#>.
@prefix r: <http://www.w3.org/2000/10/swap/reason#>.
@prefix : <https://eyereasoner.github.io/ns#>.
@prefix log: <http://www.w3.org/2000/10/swap/log#>.
@prefix graph: <http://www.w3.org/2000/10/swap/graph#>.
@prefix n3: <http://www.w3.org/2004/06/rei#>.
@prefix var: <http://www.w3.org/2000/10/swap/var#>.

skolem:proof a r:Proof, r:Conjunction;
    r:component skolem:lemma1;
    r:component skolem:lemma2;
    r:component skolem:lemma3;
    r:component skolem:lemma4;
    r:component skolem:lemma5;
    r:component skolem:lemma6;
    r:component skolem:lemma7;
    r:component skolem:lemma8;
    r:component skolem:lemma9;
    r:gives {
        ((2 -1 0) (-1 2 -1) (0 -1 2)) :determinant 3.999999999999999 .
        ((2 -1 0) (-1 2 -1) (0 -1 2)) :matrix_inversion ((0.7499999999999999 0.5000000000000001 0.2500000000000001) (0.5000000000000001 1.0000000000000004 0.5000000000000002) (0.2500000000000001 0.5000000000000002 0.7500000000000001)).
        ((18 22 54 42) (22 70 86 62) (54 86 174 134) (42 62 134 106)) :matrix_inversion ((2.515624999999984 0.48437499999999334 -1.2968749999999734 0.3593749999999767) (0.48437499999999334 0.14062499999999778 -0.32812499999999184 0.14062499999999356) (-1.2968749999999734 -0.32812499999999184 1.0156249999999707 -0.5781249999999781) (0.3593749999999767 0.14062499999999356 -0.5781249999999781 0.5156249999999853)).
        ((2 0 0) (-1 2 0) (0 -1 2)) :matrix_inv_triang ((0.5 0.0 0.0) (0.25 0.5 0.0) (0.125 0.25 0.5)).
        (((1 2) (3 4) (5 6)) ((1 1 1) (1 1 1))) :matrix_multiply ((3 3 3) (7 7 7) (11 11 11)).
        (((18 22 54 42) (22 70 86 62) (54 86 174 134) (42 62 134 106)) ((2.515624999999984 0.4843749999999933 -1.296874999999973 0.3593749999999767) (0.4843749999999933 0.1406249999999978 -0.3281249999999918 0.1406249999999936) (-1.296874999999973 -0.3281249999999918 1.015624999999971 -0.5781249999999781) (0.3593749999999767 0.1406249999999936 -0.5781249999999781 0.5156249999999853))) :matrix_multiply ((1.0000000000000515 6.217248937900877e-15 1.7763568394002505e-14 3.552713678800501e-15) (6.039613253960852e-14 1.0000000000000107 2.842170943040401e-14 1.0658141036401503e-14) (1.7053025658242404e-13 1.4210854715202004e-14 1.0000000000000426 4.263256414560601e-14) (8.526512829121202e-14 1.7763568394002505e-15 7.105427357601002e-14 0.9999999999999929)).
        (((1 2) (3 4) (5 6)) ((1 2) (3 4) (5 6))) :matrix_sum ((2 4) (6 8) (10 12)).
        ((25 15 -5) (15 18 0) (-5 0 11)) :cholesky_decomposition ((5.0 0 0) (3.0 3.0 0) (-1.0 1.0 3.0)).
        ((18 22 54 42) (22 70 86 62) (54 86 174 134) (42 62 134 106)) :cholesky_decomposition ((4.242640687119285 0 0 0) (5.185449728701349 6.565905201197403 0 0) (12.727922061357857 3.0460384954008553 1.6497422479090704 0) (9.899494936611667 1.624553864213788 1.8497110052313648 1.3926212476456026)).
    }.

skolem:lemma1 a r:Inference;
    r:gives {
        ((2 -1 0) (-1 2 -1) (0 -1 2)) :determinant 3.999999999999999 .
    };
    r:evidence (
        [ a r:Fact; r:gives {("consult" "./matrix.pl") log:herbrand true}]
        [ a r:Fact; r:gives {{
            ((2 -1 0) (-1 2 -1) (0 -1 2)) :determinant 3.999999999999999 .
            ((2 -1 0) (-1 2 -1) (0 -1 2)) :matrix_inversion 3.999999999999999 .
            ((18 22 54 42) (22 70 86 62) (54 86 174 134) (42 62 134 106)) :matrix_inversion 3.999999999999999 .
            ((2 0 0) (-1 2 0) (0 -1 2)) :matrix_inv_triang 3.999999999999999 .
            (((1 2) (3 4) (5 6)) ((1 1 1) (1 1 1))) :matrix_multiply 3.999999999999999 .
            (((18 22 54 42) (22 70 86 62) (54 86 174 134) (42 62 134 106)) ((2.515624999999984 0.4843749999999933 -1.296874999999973 0.3593749999999767) (0.4843749999999933 0.1406249999999978 -0.3281249999999918 0.1406249999999936) (-1.296874999999973 -0.3281249999999918 1.015624999999971 -0.5781249999999781) (0.3593749999999767 0.1406249999999936 -0.5781249999999781 0.5156249999999853))) :matrix_multiply 3.999999999999999 .
            (((1 2) (3 4) (5 6)) ((1 2) (3 4) (5 6))) :matrix_sum 3.999999999999999 .
            ((25 15 -5) (15 18 0) (-5 0 11)) :cholesky_decomposition 3.999999999999999 .
            ((18 22 54 42) (22 70 86 62) (54 86 174 134) (42 62 134 106)) :cholesky_decomposition 3.999999999999999.
        } graph:member {
            ((2 -1 0) (-1 2 -1) (0 -1 2)) :determinant 3.999999999999999.
        }}]
        [ a r:Fact; r:gives {{
            ((2 -1 0) (-1 2 -1) (0 -1 2)) :determinant 3.999999999999999.
        } log:call true}]
    );
    r:binding [ r:variable [ n3:uri "http://www.w3.org/2000/10/swap/var#x_1"]; r:boundTo {
        ((2 -1 0) (-1 2 -1) (0 -1 2)) :determinant 3.999999999999999.
    }];
    r:binding [ r:variable [ n3:uri "http://www.w3.org/2000/10/swap/var#x_0"]; r:boundTo 3.999999999999999];
    r:rule skolem:lemma10.

skolem:lemma2 a r:Inference;
    r:gives {
        ((2 -1 0) (-1 2 -1) (0 -1 2)) :matrix_inversion ((0.7499999999999999 0.5000000000000001 0.2500000000000001) (0.5000000000000001 1.0000000000000004 0.5000000000000002) (0.2500000000000001 0.5000000000000002 0.7500000000000001)).
    };
    r:evidence (
        [ a r:Fact; r:gives {("consult" "./matrix.pl") log:herbrand true}]
        [ a r:Fact; r:gives {{
            ((2 -1 0) (-1 2 -1) (0 -1 2)) :determinant ((0.7499999999999999 0.5000000000000001 0.2500000000000001) (0.5000000000000001 1.0000000000000004 0.5000000000000002) (0.2500000000000001 0.5000000000000002 0.7500000000000001)).
            ((2 -1 0) (-1 2 -1) (0 -1 2)) :matrix_inversion ((0.7499999999999999 0.5000000000000001 0.2500000000000001) (0.5000000000000001 1.0000000000000004 0.5000000000000002) (0.2500000000000001 0.5000000000000002 0.7500000000000001)).
            ((18 22 54 42) (22 70 86 62) (54 86 174 134) (42 62 134 106)) :matrix_inversion ((0.7499999999999999 0.5000000000000001 0.2500000000000001) (0.5000000000000001 1.0000000000000004 0.5000000000000002) (0.2500000000000001 0.5000000000000002 0.7500000000000001)).
            ((2 0 0) (-1 2 0) (0 -1 2)) :matrix_inv_triang ((0.7499999999999999 0.5000000000000001 0.2500000000000001) (0.5000000000000001 1.0000000000000004 0.5000000000000002) (0.2500000000000001 0.5000000000000002 0.7500000000000001)).
            (((1 2) (3 4) (5 6)) ((1 1 1) (1 1 1))) :matrix_multiply ((0.7499999999999999 0.5000000000000001 0.2500000000000001) (0.5000000000000001 1.0000000000000004 0.5000000000000002) (0.2500000000000001 0.5000000000000002 0.7500000000000001)).
            (((18 22 54 42) (22 70 86 62) (54 86 174 134) (42 62 134 106)) ((2.515624999999984 0.4843749999999933 -1.296874999999973 0.3593749999999767) (0.4843749999999933 0.1406249999999978 -0.3281249999999918 0.1406249999999936) (-1.296874999999973 -0.3281249999999918 1.015624999999971 -0.5781249999999781) (0.3593749999999767 0.1406249999999936 -0.5781249999999781 0.5156249999999853))) :matrix_multiply ((0.7499999999999999 0.5000000000000001 0.2500000000000001) (0.5000000000000001 1.0000000000000004 0.5000000000000002) (0.2500000000000001 0.5000000000000002 0.7500000000000001)).
            (((1 2) (3 4) (5 6)) ((1 2) (3 4) (5 6))) :matrix_sum ((0.7499999999999999 0.5000000000000001 0.2500000000000001) (0.5000000000000001 1.0000000000000004 0.5000000000000002) (0.2500000000000001 0.5000000000000002 0.7500000000000001)).
            ((25 15 -5) (15 18 0) (-5 0 11)) :cholesky_decomposition ((0.7499999999999999 0.5000000000000001 0.2500000000000001) (0.5000000000000001 1.0000000000000004 0.5000000000000002) (0.2500000000000001 0.5000000000000002 0.7500000000000001)).
            ((18 22 54 42) (22 70 86 62) (54 86 174 134) (42 62 134 106)) :cholesky_decomposition ((0.7499999999999999 0.5000000000000001 0.2500000000000001) (0.5000000000000001 1.0000000000000004 0.5000000000000002) (0.2500000000000001 0.5000000000000002 0.7500000000000001)).
        } graph:member {
            ((2 -1 0) (-1 2 -1) (0 -1 2)) :matrix_inversion ((0.7499999999999999 0.5000000000000001 0.2500000000000001) (0.5000000000000001 1.0000000000000004 0.5000000000000002) (0.2500000000000001 0.5000000000000002 0.7500000000000001)).
        }}]
        [ a r:Fact; r:gives {{
            ((2 -1 0) (-1 2 -1) (0 -1 2)) :matrix_inversion ((0.7499999999999999 0.5000000000000001 0.2500000000000001) (0.5000000000000001 1.0000000000000004 0.5000000000000002) (0.2500000000000001 0.5000000000000002 0.7500000000000001)).
        } log:call true}]
    );
    r:binding [ r:variable [ n3:uri "http://www.w3.org/2000/10/swap/var#x_1"]; r:boundTo {
        ((2 -1 0) (-1 2 -1) (0 -1 2)) :matrix_inversion ((0.7499999999999999 0.5000000000000001 0.2500000000000001) (0.5000000000000001 1.0000000000000004 0.5000000000000002) (0.2500000000000001 0.5000000000000002 0.7500000000000001)).
    }];
    r:binding [ r:variable [ n3:uri "http://www.w3.org/2000/10/swap/var#x_0"]; r:boundTo ((0.7499999999999999 0.5000000000000001 0.2500000000000001) (0.5000000000000001 1.0000000000000004 0.5000000000000002) (0.2500000000000001 0.5000000000000002 0.7500000000000001))];
    r:rule skolem:lemma10.

skolem:lemma3 a r:Inference;
    r:gives {
        ((18 22 54 42) (22 70 86 62) (54 86 174 134) (42 62 134 106)) :matrix_inversion ((2.515624999999984 0.48437499999999334 -1.2968749999999734 0.3593749999999767) (0.48437499999999334 0.14062499999999778 -0.32812499999999184 0.14062499999999356) (-1.2968749999999734 -0.32812499999999184 1.0156249999999707 -0.5781249999999781) (0.3593749999999767 0.14062499999999356 -0.5781249999999781 0.5156249999999853)).
    };
    r:evidence (
        [ a r:Fact; r:gives {("consult" "./matrix.pl") log:herbrand true}]
        [ a r:Fact; r:gives {{
            ((2 -1 0) (-1 2 -1) (0 -1 2)) :determinant ((2.515624999999984 0.48437499999999334 -1.2968749999999734 0.3593749999999767) (0.48437499999999334 0.14062499999999778 -0.32812499999999184 0.14062499999999356) (-1.2968749999999734 -0.32812499999999184 1.0156249999999707 -0.5781249999999781) (0.3593749999999767 0.14062499999999356 -0.5781249999999781 0.5156249999999853)).
            ((2 -1 0) (-1 2 -1) (0 -1 2)) :matrix_inversion ((2.515624999999984 0.48437499999999334 -1.2968749999999734 0.3593749999999767) (0.48437499999999334 0.14062499999999778 -0.32812499999999184 0.14062499999999356) (-1.2968749999999734 -0.32812499999999184 1.0156249999999707 -0.5781249999999781) (0.3593749999999767 0.14062499999999356 -0.5781249999999781 0.5156249999999853)).
            ((18 22 54 42) (22 70 86 62) (54 86 174 134) (42 62 134 106)) :matrix_inversion ((2.515624999999984 0.48437499999999334 -1.2968749999999734 0.3593749999999767) (0.48437499999999334 0.14062499999999778 -0.32812499999999184 0.14062499999999356) (-1.2968749999999734 -0.32812499999999184 1.0156249999999707 -0.5781249999999781) (0.3593749999999767 0.14062499999999356 -0.5781249999999781 0.5156249999999853)).
            ((2 0 0) (-1 2 0) (0 -1 2)) :matrix_inv_triang ((2.515624999999984 0.48437499999999334 -1.2968749999999734 0.3593749999999767) (0.48437499999999334 0.14062499999999778 -0.32812499999999184 0.14062499999999356) (-1.2968749999999734 -0.32812499999999184 1.0156249999999707 -0.5781249999999781) (0.3593749999999767 0.14062499999999356 -0.5781249999999781 0.5156249999999853)).
            (((1 2) (3 4) (5 6)) ((1 1 1) (1 1 1))) :matrix_multiply ((2.515624999999984 0.48437499999999334 -1.2968749999999734 0.3593749999999767) (0.48437499999999334 0.14062499999999778 -0.32812499999999184 0.14062499999999356) (-1.2968749999999734 -0.32812499999999184 1.0156249999999707 -0.5781249999999781) (0.3593749999999767 0.14062499999999356 -0.5781249999999781 0.5156249999999853)).
            (((18 22 54 42) (22 70 86 62) (54 86 174 134) (42 62 134 106)) ((2.515624999999984 0.4843749999999933 -1.296874999999973 0.3593749999999767) (0.4843749999999933 0.1406249999999978 -0.3281249999999918 0.1406249999999936) (-1.296874999999973 -0.3281249999999918 1.015624999999971 -0.5781249999999781) (0.3593749999999767 0.1406249999999936 -0.5781249999999781 0.5156249999999853))) :matrix_multiply ((2.515624999999984 0.48437499999999334 -1.2968749999999734 0.3593749999999767) (0.48437499999999334 0.14062499999999778 -0.32812499999999184 0.14062499999999356) (-1.2968749999999734 -0.32812499999999184 1.0156249999999707 -0.5781249999999781) (0.3593749999999767 0.14062499999999356 -0.5781249999999781 0.5156249999999853)).
            (((1 2) (3 4) (5 6)) ((1 2) (3 4) (5 6))) :matrix_sum ((2.515624999999984 0.48437499999999334 -1.2968749999999734 0.3593749999999767) (0.48437499999999334 0.14062499999999778 -0.32812499999999184 0.14062499999999356) (-1.2968749999999734 -0.32812499999999184 1.0156249999999707 -0.5781249999999781) (0.3593749999999767 0.14062499999999356 -0.5781249999999781 0.5156249999999853)).
            ((25 15 -5) (15 18 0) (-5 0 11)) :cholesky_decomposition ((2.515624999999984 0.48437499999999334 -1.2968749999999734 0.3593749999999767) (0.48437499999999334 0.14062499999999778 -0.32812499999999184 0.14062499999999356) (-1.2968749999999734 -0.32812499999999184 1.0156249999999707 -0.5781249999999781) (0.3593749999999767 0.14062499999999356 -0.5781249999999781 0.5156249999999853)).
            ((18 22 54 42) (22 70 86 62) (54 86 174 134) (42 62 134 106)) :cholesky_decomposition ((2.515624999999984 0.48437499999999334 -1.2968749999999734 0.3593749999999767) (0.48437499999999334 0.14062499999999778 -0.32812499999999184 0.14062499999999356) (-1.2968749999999734 -0.32812499999999184 1.0156249999999707 -0.5781249999999781) (0.3593749999999767 0.14062499999999356 -0.5781249999999781 0.5156249999999853)).
        } graph:member {
            ((18 22 54 42) (22 70 86 62) (54 86 174 134) (42 62 134 106)) :matrix_inversion ((2.515624999999984 0.48437499999999334 -1.2968749999999734 0.3593749999999767) (0.48437499999999334 0.14062499999999778 -0.32812499999999184 0.14062499999999356) (-1.2968749999999734 -0.32812499999999184 1.0156249999999707 -0.5781249999999781) (0.3593749999999767 0.14062499999999356 -0.5781249999999781 0.5156249999999853)).
        }}]
        [ a r:Fact; r:gives {{
            ((18 22 54 42) (22 70 86 62) (54 86 174 134) (42 62 134 106)) :matrix_inversion ((2.515624999999984 0.48437499999999334 -1.2968749999999734 0.3593749999999767) (0.48437499999999334 0.14062499999999778 -0.32812499999999184 0.14062499999999356) (-1.2968749999999734 -0.32812499999999184 1.0156249999999707 -0.5781249999999781) (0.3593749999999767 0.14062499999999356 -0.5781249999999781 0.5156249999999853)).
        } log:call true}]
    );
    r:binding [ r:variable [ n3:uri "http://www.w3.org/2000/10/swap/var#x_1"]; r:boundTo {
        ((18 22 54 42) (22 70 86 62) (54 86 174 134) (42 62 134 106)) :matrix_inversion ((2.515624999999984 0.48437499999999334 -1.2968749999999734 0.3593749999999767) (0.48437499999999334 0.14062499999999778 -0.32812499999999184 0.14062499999999356) (-1.2968749999999734 -0.32812499999999184 1.0156249999999707 -0.5781249999999781) (0.3593749999999767 0.14062499999999356 -0.5781249999999781 0.5156249999999853)).
    }];
    r:binding [ r:variable [ n3:uri "http://www.w3.org/2000/10/swap/var#x_0"]; r:boundTo ((2.515624999999984 0.48437499999999334 -1.2968749999999734 0.3593749999999767) (0.48437499999999334 0.14062499999999778 -0.32812499999999184 0.14062499999999356) (-1.2968749999999734 -0.32812499999999184 1.0156249999999707 -0.5781249999999781) (0.3593749999999767 0.14062499999999356 -0.5781249999999781 0.5156249999999853))];
    r:rule skolem:lemma10.

skolem:lemma4 a r:Inference;
    r:gives {
        ((2 0 0) (-1 2 0) (0 -1 2)) :matrix_inv_triang ((0.5 0.0 0.0) (0.25 0.5 0.0) (0.125 0.25 0.5)).
    };
    r:evidence (
        [ a r:Fact; r:gives {("consult" "./matrix.pl") log:herbrand true}]
        [ a r:Fact; r:gives {{
            ((2 -1 0) (-1 2 -1) (0 -1 2)) :determinant ((0.5 0.0 0.0) (0.25 0.5 0.0) (0.125 0.25 0.5)).
            ((2 -1 0) (-1 2 -1) (0 -1 2)) :matrix_inversion ((0.5 0.0 0.0) (0.25 0.5 0.0) (0.125 0.25 0.5)).
            ((18 22 54 42) (22 70 86 62) (54 86 174 134) (42 62 134 106)) :matrix_inversion ((0.5 0.0 0.0) (0.25 0.5 0.0) (0.125 0.25 0.5)).
            ((2 0 0) (-1 2 0) (0 -1 2)) :matrix_inv_triang ((0.5 0.0 0.0) (0.25 0.5 0.0) (0.125 0.25 0.5)).
            (((1 2) (3 4) (5 6)) ((1 1 1) (1 1 1))) :matrix_multiply ((0.5 0.0 0.0) (0.25 0.5 0.0) (0.125 0.25 0.5)).
            (((18 22 54 42) (22 70 86 62) (54 86 174 134) (42 62 134 106)) ((2.515624999999984 0.4843749999999933 -1.296874999999973 0.3593749999999767) (0.4843749999999933 0.1406249999999978 -0.3281249999999918 0.1406249999999936) (-1.296874999999973 -0.3281249999999918 1.015624999999971 -0.5781249999999781) (0.3593749999999767 0.1406249999999936 -0.5781249999999781 0.5156249999999853))) :matrix_multiply ((0.5 0.0 0.0) (0.25 0.5 0.0) (0.125 0.25 0.5)).
            (((1 2) (3 4) (5 6)) ((1 2) (3 4) (5 6))) :matrix_sum ((0.5 0.0 0.0) (0.25 0.5 0.0) (0.125 0.25 0.5)).
            ((25 15 -5) (15 18 0) (-5 0 11)) :cholesky_decomposition ((0.5 0.0 0.0) (0.25 0.5 0.0) (0.125 0.25 0.5)).
            ((18 22 54 42) (22 70 86 62) (54 86 174 134) (42 62 134 106)) :cholesky_decomposition ((0.5 0.0 0.0) (0.25 0.5 0.0) (0.125 0.25 0.5)).
        } graph:member {
            ((2 0 0) (-1 2 0) (0 -1 2)) :matrix_inv_triang ((0.5 0.0 0.0) (0.25 0.5 0.0) (0.125 0.25 0.5)).
        }}]
        [ a r:Fact; r:gives {{
            ((2 0 0) (-1 2 0) (0 -1 2)) :matrix_inv_triang ((0.5 0.0 0.0) (0.25 0.5 0.0) (0.125 0.25 0.5)).
        } log:call true}]
    );
    r:binding [ r:variable [ n3:uri "http://www.w3.org/2000/10/swap/var#x_1"]; r:boundTo {
        ((2 0 0) (-1 2 0) (0 -1 2)) :matrix_inv_triang ((0.5 0.0 0.0) (0.25 0.5 0.0) (0.125 0.25 0.5)).
    }];
    r:binding [ r:variable [ n3:uri "http://www.w3.org/2000/10/swap/var#x_0"]; r:boundTo ((0.5 0.0 0.0) (0.25 0.5 0.0) (0.125 0.25 0.5))];
    r:rule skolem:lemma10.

skolem:lemma5 a r:Inference;
    r:gives {
        (((1 2) (3 4) (5 6)) ((1 1 1) (1 1 1))) :matrix_multiply ((3 3 3) (7 7 7) (11 11 11)).
    };
    r:evidence (
        [ a r:Fact; r:gives {("consult" "./matrix.pl") log:herbrand true}]
        [ a r:Fact; r:gives {{
            ((2 -1 0) (-1 2 -1) (0 -1 2)) :determinant ((3 3 3) (7 7 7) (11 11 11)).
            ((2 -1 0) (-1 2 -1) (0 -1 2)) :matrix_inversion ((3 3 3) (7 7 7) (11 11 11)).
            ((18 22 54 42) (22 70 86 62) (54 86 174 134) (42 62 134 106)) :matrix_inversion ((3 3 3) (7 7 7) (11 11 11)).
            ((2 0 0) (-1 2 0) (0 -1 2)) :matrix_inv_triang ((3 3 3) (7 7 7) (11 11 11)).
            (((1 2) (3 4) (5 6)) ((1 1 1) (1 1 1))) :matrix_multiply ((3 3 3) (7 7 7) (11 11 11)).
            (((18 22 54 42) (22 70 86 62) (54 86 174 134) (42 62 134 106)) ((2.515624999999984 0.4843749999999933 -1.296874999999973 0.3593749999999767) (0.4843749999999933 0.1406249999999978 -0.3281249999999918 0.1406249999999936) (-1.296874999999973 -0.3281249999999918 1.015624999999971 -0.5781249999999781) (0.3593749999999767 0.1406249999999936 -0.5781249999999781 0.5156249999999853))) :matrix_multiply ((3 3 3) (7 7 7) (11 11 11)).
            (((1 2) (3 4) (5 6)) ((1 2) (3 4) (5 6))) :matrix_sum ((3 3 3) (7 7 7) (11 11 11)).
            ((25 15 -5) (15 18 0) (-5 0 11)) :cholesky_decomposition ((3 3 3) (7 7 7) (11 11 11)).
            ((18 22 54 42) (22 70 86 62) (54 86 174 134) (42 62 134 106)) :cholesky_decomposition ((3 3 3) (7 7 7) (11 11 11)).
        } graph:member {
            (((1 2) (3 4) (5 6)) ((1 1 1) (1 1 1))) :matrix_multiply ((3 3 3) (7 7 7) (11 11 11)).
        }}]
        [ a r:Fact; r:gives {{
            (((1 2) (3 4) (5 6)) ((1 1 1) (1 1 1))) :matrix_multiply ((3 3 3) (7 7 7) (11 11 11)).
        } log:call true}]
    );
    r:binding [ r:variable [ n3:uri "http://www.w3.org/2000/10/swap/var#x_1"]; r:boundTo {
        (((1 2) (3 4) (5 6)) ((1 1 1) (1 1 1))) :matrix_multiply ((3 3 3) (7 7 7) (11 11 11)).
    }];
    r:binding [ r:variable [ n3:uri "http://www.w3.org/2000/10/swap/var#x_0"]; r:boundTo ((3 3 3) (7 7 7) (11 11 11))];
    r:rule skolem:lemma10.

skolem:lemma6 a r:Inference;
    r:gives {
        (((18 22 54 42) (22 70 86 62) (54 86 174 134) (42 62 134 106)) ((2.515624999999984 0.4843749999999933 -1.296874999999973 0.3593749999999767) (0.4843749999999933 0.1406249999999978 -0.3281249999999918 0.1406249999999936) (-1.296874999999973 -0.3281249999999918 1.015624999999971 -0.5781249999999781) (0.3593749999999767 0.1406249999999936 -0.5781249999999781 0.5156249999999853))) :matrix_multiply ((1.0000000000000515 6.217248937900877e-15 1.7763568394002505e-14 3.552713678800501e-15) (6.039613253960852e-14 1.0000000000000107 2.842170943040401e-14 1.0658141036401503e-14) (1.7053025658242404e-13 1.4210854715202004e-14 1.0000000000000426 4.263256414560601e-14) (8.526512829121202e-14 1.7763568394002505e-15 7.105427357601002e-14 0.9999999999999929)).
    };
    r:evidence (
        [ a r:Fact; r:gives {("consult" "./matrix.pl") log:herbrand true}]
        [ a r:Fact; r:gives {{
            ((2 -1 0) (-1 2 -1) (0 -1 2)) :determinant ((1.0000000000000515 6.217248937900877e-15 1.7763568394002505e-14 3.552713678800501e-15) (6.039613253960852e-14 1.0000000000000107 2.842170943040401e-14 1.0658141036401503e-14) (1.7053025658242404e-13 1.4210854715202004e-14 1.0000000000000426 4.263256414560601e-14) (8.526512829121202e-14 1.7763568394002505e-15 7.105427357601002e-14 0.9999999999999929)).
            ((2 -1 0) (-1 2 -1) (0 -1 2)) :matrix_inversion ((1.0000000000000515 6.217248937900877e-15 1.7763568394002505e-14 3.552713678800501e-15) (6.039613253960852e-14 1.0000000000000107 2.842170943040401e-14 1.0658141036401503e-14) (1.7053025658242404e-13 1.4210854715202004e-14 1.0000000000000426 4.263256414560601e-14) (8.526512829121202e-14 1.7763568394002505e-15 7.105427357601002e-14 0.9999999999999929)).
            ((18 22 54 42) (22 70 86 62) (54 86 174 134) (42 62 134 106)) :matrix_inversion ((1.0000000000000515 6.217248937900877e-15 1.7763568394002505e-14 3.552713678800501e-15) (6.039613253960852e-14 1.0000000000000107 2.842170943040401e-14 1.0658141036401503e-14) (1.7053025658242404e-13 1.4210854715202004e-14 1.0000000000000426 4.263256414560601e-14) (8.526512829121202e-14 1.7763568394002505e-15 7.105427357601002e-14 0.9999999999999929)).
            ((2 0 0) (-1 2 0) (0 -1 2)) :matrix_inv_triang ((1.0000000000000515 6.217248937900877e-15 1.7763568394002505e-14 3.552713678800501e-15) (6.039613253960852e-14 1.0000000000000107 2.842170943040401e-14 1.0658141036401503e-14) (1.7053025658242404e-13 1.4210854715202004e-14 1.0000000000000426 4.263256414560601e-14) (8.526512829121202e-14 1.7763568394002505e-15 7.105427357601002e-14 0.9999999999999929)).
            (((1 2) (3 4) (5 6)) ((1 1 1) (1 1 1))) :matrix_multiply ((1.0000000000000515 6.217248937900877e-15 1.7763568394002505e-14 3.552713678800501e-15) (6.039613253960852e-14 1.0000000000000107 2.842170943040401e-14 1.0658141036401503e-14) (1.7053025658242404e-13 1.4210854715202004e-14 1.0000000000000426 4.263256414560601e-14) (8.526512829121202e-14 1.7763568394002505e-15 7.105427357601002e-14 0.9999999999999929)).
            (((18 22 54 42) (22 70 86 62) (54 86 174 134) (42 62 134 106)) ((2.515624999999984 0.4843749999999933 -1.296874999999973 0.3593749999999767) (0.4843749999999933 0.1406249999999978 -0.3281249999999918 0.1406249999999936) (-1.296874999999973 -0.3281249999999918 1.015624999999971 -0.5781249999999781) (0.3593749999999767 0.1406249999999936 -0.5781249999999781 0.5156249999999853))) :matrix_multiply ((1.0000000000000515 6.217248937900877e-15 1.7763568394002505e-14 3.552713678800501e-15) (6.039613253960852e-14 1.0000000000000107 2.842170943040401e-14 1.0658141036401503e-14) (1.7053025658242404e-13 1.4210854715202004e-14 1.0000000000000426 4.263256414560601e-14) (8.526512829121202e-14 1.7763568394002505e-15 7.105427357601002e-14 0.9999999999999929)).
            (((1 2) (3 4) (5 6)) ((1 2) (3 4) (5 6))) :matrix_sum ((1.0000000000000515 6.217248937900877e-15 1.7763568394002505e-14 3.552713678800501e-15) (6.039613253960852e-14 1.0000000000000107 2.842170943040401e-14 1.0658141036401503e-14) (1.7053025658242404e-13 1.4210854715202004e-14 1.0000000000000426 4.263256414560601e-14) (8.526512829121202e-14 1.7763568394002505e-15 7.105427357601002e-14 0.9999999999999929)).
            ((25 15 -5) (15 18 0) (-5 0 11)) :cholesky_decomposition ((1.0000000000000515 6.217248937900877e-15 1.7763568394002505e-14 3.552713678800501e-15) (6.039613253960852e-14 1.0000000000000107 2.842170943040401e-14 1.0658141036401503e-14) (1.7053025658242404e-13 1.4210854715202004e-14 1.0000000000000426 4.263256414560601e-14) (8.526512829121202e-14 1.7763568394002505e-15 7.105427357601002e-14 0.9999999999999929)).
            ((18 22 54 42) (22 70 86 62) (54 86 174 134) (42 62 134 106)) :cholesky_decomposition ((1.0000000000000515 6.217248937900877e-15 1.7763568394002505e-14 3.552713678800501e-15) (6.039613253960852e-14 1.0000000000000107 2.842170943040401e-14 1.0658141036401503e-14) (1.7053025658242404e-13 1.4210854715202004e-14 1.0000000000000426 4.263256414560601e-14) (8.526512829121202e-14 1.7763568394002505e-15 7.105427357601002e-14 0.9999999999999929)).
        } graph:member {
            (((18 22 54 42) (22 70 86 62) (54 86 174 134) (42 62 134 106)) ((2.515624999999984 0.4843749999999933 -1.296874999999973 0.3593749999999767) (0.4843749999999933 0.1406249999999978 -0.3281249999999918 0.1406249999999936) (-1.296874999999973 -0.3281249999999918 1.015624999999971 -0.5781249999999781) (0.3593749999999767 0.1406249999999936 -0.5781249999999781 0.5156249999999853))) :matrix_multiply ((1.0000000000000515 6.217248937900877e-15 1.7763568394002505e-14 3.552713678800501e-15) (6.039613253960852e-14 1.0000000000000107 2.842170943040401e-14 1.0658141036401503e-14) (1.7053025658242404e-13 1.4210854715202004e-14 1.0000000000000426 4.263256414560601e-14) (8.526512829121202e-14 1.7763568394002505e-15 7.105427357601002e-14 0.9999999999999929)).
        }}]
        [ a r:Fact; r:gives {{
            (((18 22 54 42) (22 70 86 62) (54 86 174 134) (42 62 134 106)) ((2.515624999999984 0.4843749999999933 -1.296874999999973 0.3593749999999767) (0.4843749999999933 0.1406249999999978 -0.3281249999999918 0.1406249999999936) (-1.296874999999973 -0.3281249999999918 1.015624999999971 -0.5781249999999781) (0.3593749999999767 0.1406249999999936 -0.5781249999999781 0.5156249999999853))) :matrix_multiply ((1.0000000000000515 6.217248937900877e-15 1.7763568394002505e-14 3.552713678800501e-15) (6.039613253960852e-14 1.0000000000000107 2.842170943040401e-14 1.0658141036401503e-14) (1.7053025658242404e-13 1.4210854715202004e-14 1.0000000000000426 4.263256414560601e-14) (8.526512829121202e-14 1.7763568394002505e-15 7.105427357601002e-14 0.9999999999999929)).
        } log:call true}]
    );
    r:binding [ r:variable [ n3:uri "http://www.w3.org/2000/10/swap/var#x_1"]; r:boundTo {
        (((18 22 54 42) (22 70 86 62) (54 86 174 134) (42 62 134 106)) ((2.515624999999984 0.4843749999999933 -1.296874999999973 0.3593749999999767) (0.4843749999999933 0.1406249999999978 -0.3281249999999918 0.1406249999999936) (-1.296874999999973 -0.3281249999999918 1.015624999999971 -0.5781249999999781) (0.3593749999999767 0.1406249999999936 -0.5781249999999781 0.5156249999999853))) :matrix_multiply ((1.0000000000000515 6.217248937900877e-15 1.7763568394002505e-14 3.552713678800501e-15) (6.039613253960852e-14 1.0000000000000107 2.842170943040401e-14 1.0658141036401503e-14) (1.7053025658242404e-13 1.4210854715202004e-14 1.0000000000000426 4.263256414560601e-14) (8.526512829121202e-14 1.7763568394002505e-15 7.105427357601002e-14 0.9999999999999929)).
    }];
    r:binding [ r:variable [ n3:uri "http://www.w3.org/2000/10/swap/var#x_0"]; r:boundTo ((1.0000000000000515 6.217248937900877e-15 1.7763568394002505e-14 3.552713678800501e-15) (6.039613253960852e-14 1.0000000000000107 2.842170943040401e-14 1.0658141036401503e-14) (1.7053025658242404e-13 1.4210854715202004e-14 1.0000000000000426 4.263256414560601e-14) (8.526512829121202e-14 1.7763568394002505e-15 7.105427357601002e-14 0.9999999999999929))];
    r:rule skolem:lemma10.

skolem:lemma7 a r:Inference;
    r:gives {
        (((1 2) (3 4) (5 6)) ((1 2) (3 4) (5 6))) :matrix_sum ((2 4) (6 8) (10 12)).
    };
    r:evidence (
        [ a r:Fact; r:gives {("consult" "./matrix.pl") log:herbrand true}]
        [ a r:Fact; r:gives {{
            ((2 -1 0) (-1 2 -1) (0 -1 2)) :determinant ((2 4) (6 8) (10 12)).
            ((2 -1 0) (-1 2 -1) (0 -1 2)) :matrix_inversion ((2 4) (6 8) (10 12)).
            ((18 22 54 42) (22 70 86 62) (54 86 174 134) (42 62 134 106)) :matrix_inversion ((2 4) (6 8) (10 12)).
            ((2 0 0) (-1 2 0) (0 -1 2)) :matrix_inv_triang ((2 4) (6 8) (10 12)).
            (((1 2) (3 4) (5 6)) ((1 1 1) (1 1 1))) :matrix_multiply ((2 4) (6 8) (10 12)).
            (((18 22 54 42) (22 70 86 62) (54 86 174 134) (42 62 134 106)) ((2.515624999999984 0.4843749999999933 -1.296874999999973 0.3593749999999767) (0.4843749999999933 0.1406249999999978 -0.3281249999999918 0.1406249999999936) (-1.296874999999973 -0.3281249999999918 1.015624999999971 -0.5781249999999781) (0.3593749999999767 0.1406249999999936 -0.5781249999999781 0.5156249999999853))) :matrix_multiply ((2 4) (6 8) (10 12)).
            (((1 2) (3 4) (5 6)) ((1 2) (3 4) (5 6))) :matrix_sum ((2 4) (6 8) (10 12)).
            ((25 15 -5) (15 18 0) (-5 0 11)) :cholesky_decomposition ((2 4) (6 8) (10 12)).
            ((18 22 54 42) (22 70 86 62) (54 86 174 134) (42 62 134 106)) :cholesky_decomposition ((2 4) (6 8) (10 12)).
        } graph:member {
            (((1 2) (3 4) (5 6)) ((1 2) (3 4) (5 6))) :matrix_sum ((2 4) (6 8) (10 12)).
        }}]
        [ a r:Fact; r:gives {{
            (((1 2) (3 4) (5 6)) ((1 2) (3 4) (5 6))) :matrix_sum ((2 4) (6 8) (10 12)).
        } log:call true}]
    );
    r:binding [ r:variable [ n3:uri "http://www.w3.org/2000/10/swap/var#x_1"]; r:boundTo {
        (((1 2) (3 4) (5 6)) ((1 2) (3 4) (5 6))) :matrix_sum ((2 4) (6 8) (10 12)).
    }];
    r:binding [ r:variable [ n3:uri "http://www.w3.org/2000/10/swap/var#x_0"]; r:boundTo ((2 4) (6 8) (10 12))];
    r:rule skolem:lemma10.

skolem:lemma8 a r:Inference;
    r:gives {
        ((25 15 -5) (15 18 0) (-5 0 11)) :cholesky_decomposition ((5.0 0 0) (3.0 3.0 0) (-1.0 1.0 3.0)).
    };
    r:evidence (
        [ a r:Fact; r:gives {("consult" "./matrix.pl") log:herbrand true}]
        [ a r:Fact; r:gives {{
            ((2 -1 0) (-1 2 -1) (0 -1 2)) :determinant ((5.0 0 0) (3.0 3.0 0) (-1.0 1.0 3.0)).
            ((2 -1 0) (-1 2 -1) (0 -1 2)) :matrix_inversion ((5.0 0 0) (3.0 3.0 0) (-1.0 1.0 3.0)).
            ((18 22 54 42) (22 70 86 62) (54 86 174 134) (42 62 134 106)) :matrix_inversion ((5.0 0 0) (3.0 3.0 0) (-1.0 1.0 3.0)).
            ((2 0 0) (-1 2 0) (0 -1 2)) :matrix_inv_triang ((5.0 0 0) (3.0 3.0 0) (-1.0 1.0 3.0)).
            (((1 2) (3 4) (5 6)) ((1 1 1) (1 1 1))) :matrix_multiply ((5.0 0 0) (3.0 3.0 0) (-1.0 1.0 3.0)).
            (((18 22 54 42) (22 70 86 62) (54 86 174 134) (42 62 134 106)) ((2.515624999999984 0.4843749999999933 -1.296874999999973 0.3593749999999767) (0.4843749999999933 0.1406249999999978 -0.3281249999999918 0.1406249999999936) (-1.296874999999973 -0.3281249999999918 1.015624999999971 -0.5781249999999781) (0.3593749999999767 0.1406249999999936 -0.5781249999999781 0.5156249999999853))) :matrix_multiply ((5.0 0 0) (3.0 3.0 0) (-1.0 1.0 3.0)).
            (((1 2) (3 4) (5 6)) ((1 2) (3 4) (5 6))) :matrix_sum ((5.0 0 0) (3.0 3.0 0) (-1.0 1.0 3.0)).
            ((25 15 -5) (15 18 0) (-5 0 11)) :cholesky_decomposition ((5.0 0 0) (3.0 3.0 0) (-1.0 1.0 3.0)).
            ((18 22 54 42) (22 70 86 62) (54 86 174 134) (42 62 134 106)) :cholesky_decomposition ((5.0 0 0) (3.0 3.0 0) (-1.0 1.0 3.0)).
        } graph:member {
            ((25 15 -5) (15 18 0) (-5 0 11)) :cholesky_decomposition ((5.0 0 0) (3.0 3.0 0) (-1.0 1.0 3.0)).
        }}]
        [ a r:Fact; r:gives {{
            ((25 15 -5) (15 18 0) (-5 0 11)) :cholesky_decomposition ((5.0 0 0) (3.0 3.0 0) (-1.0 1.0 3.0)).
        } log:call true}]
    );
    r:binding [ r:variable [ n3:uri "http://www.w3.org/2000/10/swap/var#x_1"]; r:boundTo {
        ((25 15 -5) (15 18 0) (-5 0 11)) :cholesky_decomposition ((5.0 0 0) (3.0 3.0 0) (-1.0 1.0 3.0)).
    }];
    r:binding [ r:variable [ n3:uri "http://www.w3.org/2000/10/swap/var#x_0"]; r:boundTo ((5.0 0 0) (3.0 3.0 0) (-1.0 1.0 3.0))];
    r:rule skolem:lemma10.

skolem:lemma9 a r:Inference;
    r:gives {
        ((18 22 54 42) (22 70 86 62) (54 86 174 134) (42 62 134 106)) :cholesky_decomposition ((4.242640687119285 0 0 0) (5.185449728701349 6.565905201197403 0 0) (12.727922061357857 3.0460384954008553 1.6497422479090704 0) (9.899494936611667 1.624553864213788 1.8497110052313648 1.3926212476456026)).
    };
    r:evidence (
        [ a r:Fact; r:gives {("consult" "./matrix.pl") log:herbrand true}]
        [ a r:Fact; r:gives {{
            ((2 -1 0) (-1 2 -1) (0 -1 2)) :determinant ((4.242640687119285 0 0 0) (5.185449728701349 6.565905201197403 0 0) (12.727922061357857 3.0460384954008553 1.6497422479090704 0) (9.899494936611667 1.624553864213788 1.8497110052313648 1.3926212476456026)).
            ((2 -1 0) (-1 2 -1) (0 -1 2)) :matrix_inversion ((4.242640687119285 0 0 0) (5.185449728701349 6.565905201197403 0 0) (12.727922061357857 3.0460384954008553 1.6497422479090704 0) (9.899494936611667 1.624553864213788 1.8497110052313648 1.3926212476456026)).
            ((18 22 54 42) (22 70 86 62) (54 86 174 134) (42 62 134 106)) :matrix_inversion ((4.242640687119285 0 0 0) (5.185449728701349 6.565905201197403 0 0) (12.727922061357857 3.0460384954008553 1.6497422479090704 0) (9.899494936611667 1.624553864213788 1.8497110052313648 1.3926212476456026)).
            ((2 0 0) (-1 2 0) (0 -1 2)) :matrix_inv_triang ((4.242640687119285 0 0 0) (5.185449728701349 6.565905201197403 0 0) (12.727922061357857 3.0460384954008553 1.6497422479090704 0) (9.899494936611667 1.624553864213788 1.8497110052313648 1.3926212476456026)).
            (((1 2) (3 4) (5 6)) ((1 1 1) (1 1 1))) :matrix_multiply ((4.242640687119285 0 0 0) (5.185449728701349 6.565905201197403 0 0) (12.727922061357857 3.0460384954008553 1.6497422479090704 0) (9.899494936611667 1.624553864213788 1.8497110052313648 1.3926212476456026)).
            (((18 22 54 42) (22 70 86 62) (54 86 174 134) (42 62 134 106)) ((2.515624999999984 0.4843749999999933 -1.296874999999973 0.3593749999999767) (0.4843749999999933 0.1406249999999978 -0.3281249999999918 0.1406249999999936) (-1.296874999999973 -0.3281249999999918 1.015624999999971 -0.5781249999999781) (0.3593749999999767 0.1406249999999936 -0.5781249999999781 0.5156249999999853))) :matrix_multiply ((4.242640687119285 0 0 0) (5.185449728701349 6.565905201197403 0 0) (12.727922061357857 3.0460384954008553 1.6497422479090704 0) (9.899494936611667 1.624553864213788 1.8497110052313648 1.3926212476456026)).
            (((1 2) (3 4) (5 6)) ((1 2) (3 4) (5 6))) :matrix_sum ((4.242640687119285 0 0 0) (5.185449728701349 6.565905201197403 0 0) (12.727922061357857 3.0460384954008553 1.6497422479090704 0) (9.899494936611667 1.624553864213788 1.8497110052313648 1.3926212476456026)).
            ((25 15 -5) (15 18 0) (-5 0 11)) :cholesky_decomposition ((4.242640687119285 0 0 0) (5.185449728701349 6.565905201197403 0 0) (12.727922061357857 3.0460384954008553 1.6497422479090704 0) (9.899494936611667 1.624553864213788 1.8497110052313648 1.3926212476456026)).
            ((18 22 54 42) (22 70 86 62) (54 86 174 134) (42 62 134 106)) :cholesky_decomposition ((4.242640687119285 0 0 0) (5.185449728701349 6.565905201197403 0 0) (12.727922061357857 3.0460384954008553 1.6497422479090704 0) (9.899494936611667 1.624553864213788 1.8497110052313648 1.3926212476456026)).
        } graph:member {
            ((18 22 54 42) (22 70 86 62) (54 86 174 134) (42 62 134 106)) :cholesky_decomposition ((4.242640687119285 0 0 0) (5.185449728701349 6.565905201197403 0 0) (12.727922061357857 3.0460384954008553 1.6497422479090704 0) (9.899494936611667 1.624553864213788 1.8497110052313648 1.3926212476456026)).
        }}]
        [ a r:Fact; r:gives {{
            ((18 22 54 42) (22 70 86 62) (54 86 174 134) (42 62 134 106)) :cholesky_decomposition ((4.242640687119285 0 0 0) (5.185449728701349 6.565905201197403 0 0) (12.727922061357857 3.0460384954008553 1.6497422479090704 0) (9.899494936611667 1.624553864213788 1.8497110052313648 1.3926212476456026)).
        } log:call true}]
    );
    r:binding [ r:variable [ n3:uri "http://www.w3.org/2000/10/swap/var#x_1"]; r:boundTo {
        ((18 22 54 42) (22 70 86 62) (54 86 174 134) (42 62 134 106)) :cholesky_decomposition ((4.242640687119285 0 0 0) (5.185449728701349 6.565905201197403 0 0) (12.727922061357857 3.0460384954008553 1.6497422479090704 0) (9.899494936611667 1.624553864213788 1.8497110052313648 1.3926212476456026)).
    }];
    r:binding [ r:variable [ n3:uri "http://www.w3.org/2000/10/swap/var#x_0"]; r:boundTo ((4.242640687119285 0 0 0) (5.185449728701349 6.565905201197403 0 0) (12.727922061357857 3.0460384954008553 1.6497422479090704 0) (9.899494936611667 1.624553864213788 1.8497110052313648 1.3926212476456026))];
    r:rule skolem:lemma10.

skolem:lemma10 a r:Extraction;
    r:gives {
        @forAll var:x_0, var:x_1. {
            ("consult" "./matrix.pl") log:herbrand true.
            {
                ((2 -1 0) (-1 2 -1) (0 -1 2)) :determinant var:x_0.
                ((2 -1 0) (-1 2 -1) (0 -1 2)) :matrix_inversion var:x_0.
                ((18 22 54 42) (22 70 86 62) (54 86 174 134) (42 62 134 106)) :matrix_inversion var:x_0.
                ((2 0 0) (-1 2 0) (0 -1 2)) :matrix_inv_triang var:x_0.
                (((1 2) (3 4) (5 6)) ((1 1 1) (1 1 1))) :matrix_multiply var:x_0.
                (((18 22 54 42) (22 70 86 62) (54 86 174 134) (42 62 134 106)) ((2.515624999999984 0.4843749999999933 -1.296874999999973 0.3593749999999767) (0.4843749999999933 0.1406249999999978 -0.3281249999999918 0.1406249999999936) (-1.296874999999973 -0.3281249999999918 1.015624999999971 -0.5781249999999781) (0.3593749999999767 0.1406249999999936 -0.5781249999999781 0.5156249999999853))) :matrix_multiply var:x_0.
                (((1 2) (3 4) (5 6)) ((1 2) (3 4) (5 6))) :matrix_sum var:x_0.
                ((25 15 -5) (15 18 0) (-5 0 11)) :cholesky_decomposition var:x_0.
                ((18 22 54 42) (22 70 86 62) (54 86 174 134) (42 62 134 106)) :cholesky_decomposition var:x_0.
            } graph:member var:x_1.
            var:x_1 log:call true.
        } => var:x_1.
    };
    r:because [ a r:Parsing; r:source <https://eyereasoner.github.io/eye/reasoning/matrix/matrix-query.n3>].

