light(green): 0.5000000000000001
violation: 0.15000000000000002
action(go): 0.55
action(stop): 0.45000000000000007
light(red): 0.5000000000000001
