C1 = 0.000000000000000 +1.000000000000000i
C2 = -1.000000000000000 +0.000000000000000i
C3 = 0.207879576350762 +0.000000000000000i
C4 = 0.207879576350762 -0.000000000000000i
C5 = 1.570796326794897 +1.316957896924817i
C6 = 0.000000000000000 -1.316957896924817i
