'https://josd.github.io/eye/ns#determinant'([[2,-1,0],[-1,2,-1],[0,-1,2]],3.999999999999999).
'https://josd.github.io/eye/ns#matrix_inversion'([[2,-1,0],[-1,2,-1],[0,-1,2]],[[0.7499999999999999,0.5000000000000001,0.2500000000000001],[0.5000000000000001,1.0,0.5000000000000002],[0.2500000000000001,0.5000000000000002,0.7500000000000001]]).
'https://josd.github.io/eye/ns#matrix_inversion'([[18,22,54,42],[22,70,86,62],[54,86,174,134],[42,62,134,106]],[[2.515624999999984,0.4843749999999933,-1.296874999999973,0.3593749999999767],[0.4843749999999933,0.1406249999999978,-0.3281249999999918,0.1406249999999936],[-1.296874999999973,-0.3281249999999918,1.015624999999971,-0.5781249999999781],[0.3593749999999767,0.1406249999999936,-0.5781249999999781,0.5156249999999853]]).
'https://josd.github.io/eye/ns#matrix_inv_triang'([[2,0,0],[-1,2,0],[0,-1,2]],[[0.5,0.0,0.0],[0.25,0.5,0.0],[0.125,0.25,0.5]]).
'https://josd.github.io/eye/ns#matrix_multiply'([[[1,2],[3,4],[5,6]],[[1,1,1],[1,1,1]]],[[3,3,3],[7,7,7],[11,11,11]]).
'https://josd.github.io/eye/ns#matrix_multiply'([[[18,22,54,42],[22,70,86,62],[54,86,174,134],[42,62,134,106]],[[2.515624999999984,0.4843749999999933,-1.296874999999973,0.3593749999999767],[0.4843749999999933,0.1406249999999978,-0.3281249999999918,0.1406249999999936],[-1.296874999999973,-0.3281249999999918,1.015624999999971,-0.5781249999999781],[0.3593749999999767,0.1406249999999936,-0.5781249999999781,0.5156249999999853]]],[[1.000000000000052,6.217248937900877e-15,1.77635683940025e-14,3.552713678800501e-15],[6.039613253960852e-14,1.000000000000011,2.842170943040401e-14,1.06581410364015e-14],[1.70530256582424e-13,1.4210854715202e-14,1.000000000000043,4.263256414560601e-14],[8.526512829121202e-14,1.77635683940025e-15,7.105427357601002e-14,0.9999999999999929]]).
'https://josd.github.io/eye/ns#matrix_sum'([[[1,2],[3,4],[5,6]],[[1,2],[3,4],[5,6]]],[[2,4],[6,8],[10,12]]).
'https://josd.github.io/eye/ns#cholesky_decomposition'([[25,15,-5],[15,18,0],[-5,0,11]],[[5.0,0,0],[3.0,3.0,0],[-1.0,1.0,3.0]]).
'https://josd.github.io/eye/ns#cholesky_decomposition'([[18,22,54,42],[22,70,86,62],[54,86,174,134],[42,62,134,106]],[[4.242640687119285,0,0,0],[5.185449728701349,6.565905201197403,0,0],[12.72792206135786,3.046038495400855,1.64974224790907,0],[9.899494936611667,1.624553864213788,1.849711005231365,1.392621247645603]]).
